Група Cyclic group of order 11 as a permutation group 
Центр: 
 [(), (1,2,3,4,5,6,7,8,9,10,11), (1,3,5,7,9,11,2,4,6,8,10), (1,4,7,10,2,5,8,11,3,6,9), (1,5,9,2,6,10,3,7,11,4,8), (1,6,11,5,10,4,9,3,8,2,7), (1,7,2,8,3,9,4,10,5,11,6), (1,8,4,11,7,3,10,6,2,9,5), (1,9,6,3,11,8,5,2,10,7,4), (1,10,8,6,4,2,11,9,7,5,3), (1,11,10,9,8,7,6,5,4,3,2)] 
Представники класів спряженості: 
 [(), (1,2,3,4,5,6,7,8,9,10,11), (1,3,5,7,9,11,2,4,6,8,10), (1,4,7,10,2,5,8,11,3,6,9), (1,5,9,2,6,10,3,7,11,4,8), (1,6,11,5,10,4,9,3,8,2,7), (1,7,2,8,3,9,4,10,5,11,6), (1,8,4,11,7,3,10,6,2,9,5), (1,9,6,3,11,8,5,2,10,7,4), (1,10,8,6,4,2,11,9,7,5,3), (1,11,10,9,8,7,6,5,4,3,2)] 
Кількість класів спряженості: 11 
Порядок групи (к-сть елементів): 11 
Формула класу: [1, 1, 1, 1, 1, 1, 1, 1, 1, 1, 1] 
True 
Група Dihedral group of order 26 as a permutation group 
Центр: 
 [()] 
Представники класів спряженості: 
 [(), (2,13)(3,12)(4,11)(5,10)(6,9)(7,8), (1,2,3,4,5,6,7,8,9,10,11,12,13), (1,3,5,7,9,11,13,2,4,6,8,10,12), (1,4,7,10,13,3,6,9,12,2,5,8,11), (1,5,9,13,4,8,12,3,7,11,2,6,10), (1,6,11,3,8,13,5,10,2,7,12,4,9), (1,7,13,6,12,5,11,4,10,3,9,2,8)] 
Кількість класів спряженості: 8 
Порядок групи (к-сть елементів): 26 
Формула класу: [1, 13, 2, 2, 2, 2, 2, 2] 
True 
Група Quaternion group of order 8 as a permutation group 
Центр: 
 [(), (1,3)(2,4)(5,7)(6,8)] 
Представники класів спряженості: 
 [(), (1,2,3,4)(5,6,7,8), (1,3)(2,4)(5,7)(6,8), (1,5,3,7)(2,8,4,6), (1,6,3,8)(2,5,4,7)] 
Кількість класів спряженості: 5 
Порядок групи (к-сть елементів): 8 
Формула класу: [1, 2, 1, 2, 2] 
True 
Група Special Linear Group of degree 2 over Ring of integers modulo 7 
Центр: 
 ([1 0]
[0 1], [6 0]
[0 6]) 
Представники класів спряженості: 
 ([1 0]
[0 1], [0 6]
[1 5], [0 4]
[5 5], [6 0]
[0 6], [0 6]
[1 2], [0 4]
[5 2], [0 6]
[1 0], [0 6]
[1 4], [0 6]
[1 3], [4 0]
[0 2], [5 0]
[0 3]) 
Кількість класів спряженості: 11 
Порядок групи (к-сть елементів): 336 
Формула класу: [336, 14, 14, 336, 14, 14, 8, 8, 8, 6, 6] 
False 
